HCI II, Proyect 2
Universidad Icesi, Cali-Colombiatime,id,userName,goats,energy
134,0,User 1,0,0
134,1,User 2,0,0
135,0,User 1,0,10000
135,1,User 2,5,10000
136,0,User 1,0,10000
136,1,User 2,5,9925
137,0,User 1,0,10000
137,1,User 2,5,9850
138,0,User 1,0,10000
138,1,User 2,5,9775
139,0,User 1,0,9925
139,1,User 2,5,9700
140,0,User 1,0,9925
140,1,User 2,5,9625
141,0,User 1,0,9925
141,1,User 2,5,9550
142,0,User 1,0,9910
142,1,User 2,5,9475
143,0,User 1,0,9850
143,1,User 2,5,9400
144,0,User 1,0,9850
144,1,User 2,5,9340
145,0,User 1,0,9850
145,1,User 2,5,9265
146,0,User 1,0,9775
146,1,User 2,5,9190
147,0,User 1,0,9775
147,1,User 2,5,9115
148,0,User 1,0,9775
148,1,User 2,5,9040
149,0,User 1,6,9760
149,1,User 2,5,8965
150,0,User 1,6,9760
150,1,User 2,5,8890
151,0,User 1,6,9700
151,1,User 2,5,8830
152,0,User 1,6,9685
152,1,User 2,5,8755
153,0,User 1,6,9670
153,1,User 2,5,8680
154,0,User 1,5,9610
154,1,User 2,5,8605
155,0,User 1,5,9610
155,1,User 2,5,8530
156,0,User 1,5,9595
156,1,User 2,5,8455
157,0,User 1,5,9595
157,1,User 2,5,8380
158,0,User 1,5,9535
158,1,User 2,5,8305
159,0,User 1,5,9535
159,1,User 2,5,8230
160,0,User 1,5,9535
160,1,User 2,5,8155
161,0,User 1,5,9520
161,1,User 2,5,8080
162,0,User 1,5,9520
162,1,User 2,5,8005
163,0,User 1,5,9460
163,1,User 2,5,7930
164,0,User 1,5,9460
164,1,User 2,5,7855
165,0,User 1,5,9445
165,1,User 2,5,7780
166,0,User 1,5,9445
166,1,User 2,5,7705
167,0,User 1,5,9385
167,1,User 2,5,7630
168,0,User 1,5,9385
168,1,User 2,5,7555
169,0,User 1,5,9370
169,1,User 2,5,7480
170,0,User 1,5,9370
170,1,User 2,5,7405
171,0,User 1,5,9310
171,1,User 2,5,7330
172,0,User 1,5,9310
172,1,User 2,5,7255
173,0,User 1,5,9295
173,1,User 2,5,7180
174,0,User 1,5,9235
174,1,User 2,5,7105
175,0,User 1,5,9235
175,1,User 2,5,7030
176,0,User 1,5,9235
176,1,User 2,5,6955
177,0,User 1,5,9220
177,1,User 2,5,6880
178,0,User 1,5,9220
178,1,User 2,5,6805
179,0,User 1,5,9160
179,1,User 2,5,6730
180,0,User 1,5,9160
180,1,User 2,5,6655
181,0,User 1,5,9145
181,1,User 2,5,6580
182,0,User 1,5,9145
182,1,User 2,5,6505
183,0,User 1,5,9085
183,1,User 2,5,6430
184,0,User 1,5,9085
184,1,User 2,5,6355
185,0,User 1,5,9070
185,1,User 2,5,6280
186,0,User 1,5,9070
186,1,User 2,5,6205
187,0,User 1,5,9010
187,1,User 2,5,6130
188,0,User 1,5,9010
188,1,User 2,5,6055
189,0,User 1,5,8995
189,1,User 2,5,5980
190,0,User 1,5,8995
190,1,User 2,5,5905
191,0,User 1,5,8935
191,1,User 2,5,5830
192,0,User 1,5,8935
192,1,User 2,5,5755
193,0,User 1,5,8920
193,1,User 2,5,5680
194,0,User 1,5,8920
194,1,User 2,5,5605
195,0,User 1,5,8860
195,1,User 2,5,5530
196,0,User 1,5,8860
196,1,User 2,5,5455
197,0,User 1,5,8845
197,1,User 2,5,5380
198,0,User 1,5,8845
198,1,User 2,5,5305
199,0,User 1,5,8785
199,1,User 2,5,5230
200,0,User 1,5,8785
200,1,User 2,5,5155
201,0,User 1,5,8770
201,1,User 2,5,5080
202,0,User 1,5,8770
202,1,User 2,5,5005
203,0,User 1,5,8710
203,1,User 2,5,4930
204,0,User 1,5,8710
204,1,User 2,5,4855
205,0,User 1,5,8695
205,1,User 2,5,4780
206,0,User 1,5,8695
206,1,User 2,5,4705
207,0,User 1,5,8635
207,1,User 2,5,4630
208,0,User 1,5,8635
208,1,User 2,5,4555
209,0,User 1,5,8620
209,1,User 2,5,4480
210,0,User 1,5,8620
210,1,User 2,5,4405
211,0,User 1,5,8560
211,1,User 2,5,4330
212,0,User 1,5,8560
212,1,User 2,5,4255
213,0,User 1,5,8545
213,1,User 2,5,4180
214,0,User 1,5,8545
214,1,User 2,5,4120
215,0,User 1,5,8485
215,1,User 2,5,4045
216,0,User 1,5,8485
216,1,User 2,5,3970
217,0,User 1,5,8470
217,1,User 2,5,3895
218,0,User 1,5,8470
218,1,User 2,5,3820
219,0,User 1,5,8410
219,1,User 2,5,3745
220,0,User 1,5,8410
220,1,User 2,5,3670
221,0,User 1,5,8395
221,1,User 2,5,3610
222,0,User 1,5,8395
222,1,User 2,5,3535
223,0,User 1,5,8335
223,1,User 2,5,3460
224,0,User 1,5,8335
224,1,User 2,5,3385
225,0,User 1,5,8320
225,1,User 2,5,3310
226,0,User 1,5,8320
226,1,User 2,5,3235
227,0,User 1,5,8260
227,1,User 2,5,3175
228,0,User 1,5,8260
228,1,User 2,5,3100
229,0,User 1,5,8245
229,1,User 2,5,3025
230,0,User 1,5,8245
230,1,User 2,5,2950
231,0,User 1,5,8185
231,1,User 2,5,2875
232,0,User 1,5,8185
232,1,User 2,5,2800
233,0,User 1,5,8170
233,1,User 2,5,2740
234,0,User 1,5,8170
234,1,User 2,5,2665
235,0,User 1,5,8110
235,1,User 2,5,2590
236,0,User 1,5,8110
236,1,User 2,5,2515
237,0,User 1,5,8095
237,1,User 2,5,2440
238,0,User 1,5,8035
238,1,User 2,5,2365
239,0,User 1,5,8035
239,1,User 2,5,2290
240,0,User 1,5,8035
240,1,User 2,5,2215
241,0,User 1,5,8020
241,1,User 2,5,2140
242,0,User 1,5,8020
242,1,User 2,5,2065
243,0,User 1,5,7960
243,1,User 2,5,1990
244,0,User 1,5,7960
244,1,User 2,5,1915
245,0,User 1,5,7945
245,1,User 2,5,1840
246,0,User 1,5,7945
246,1,User 2,5,1765
247,0,User 1,5,7885
247,1,User 2,5,1705
248,0,User 1,5,7885
248,1,User 2,5,1630
249,0,User 1,5,7870
249,1,User 2,5,1555
250,0,User 1,5,7855
250,1,User 2,5,1480
251,0,User 1,5,7810
251,1,User 2,5,1405
252,0,User 1,5,7795
252,1,User 2,5,1330
253,0,User 1,5,7780
253,1,User 2,5,1255
254,0,User 1,5,7735
254,1,User 2,5,1180
255,0,User 1,5,7735
255,1,User 2,5,1105
256,0,User 1,5,7720
256,1,User 2,5,1030
257,0,User 1,5,7720
257,1,User 2,5,955
258,0,User 1,5,7660
258,1,User 2,5,880
259,0,User 1,5,7660
259,1,User 2,5,805
260,0,User 1,5,7645
260,1,User 2,5,730
261,0,User 1,5,7645
261,1,User 2,5,655
262,0,User 1,5,7585
262,1,User 2,5,580
263,0,User 1,5,7585
263,1,User 2,5,520
264,0,User 1,5,7570
264,1,User 2,5,445
265,0,User 1,5,7570
265,1,User 2,5,370
266,0,User 1,5,7510
266,1,User 2,5,295
267,0,User 1,5,7510
267,1,User 2,5,220
268,0,User 1,5,7495
268,1,User 2,5,145
269,0,User 1,5,7495
269,1,User 2,5,70
270,0,User 1,5,7435
270,1,User 2,5,0
271,0,User 1,5,7435
271,1,User 2,5,0
272,0,User 1,5,7420
272,1,User 2,5,0
273,0,User 1,5,7420
273,1,User 2,5,0
274,0,User 1,5,7420
274,1,User 2,5,0
275,0,User 1,5,7360
275,1,User 2,5,0
276,0,User 1,5,7360
276,1,User 2,5,0
277,0,User 1,5,7345
277,1,User 2,5,0
278,0,User 1,5,7345
278,1,User 2,5,0
279,0,User 1,5,7285
279,1,User 2,5,0
280,0,User 1,5,7285
280,1,User 2,5,0
281,0,User 1,5,7270
281,1,User 2,5,0
282,0,User 1,5,7270
282,1,User 2,5,0
283,0,User 1,5,7210
283,1,User 2,5,0
284,0,User 1,5,7210
284,1,User 2,5,0
285,0,User 1,5,7195
285,1,User 2,5,0
286,0,User 1,5,7195
286,1,User 2,5,0
287,0,User 1,5,7135
287,1,User 2,5,0
288,0,User 1,5,7135
288,1,User 2,5,0
289,0,User 1,5,7120
289,1,User 2,5,0
290,0,User 1,5,7120
290,1,User 2,5,0
291,0,User 1,5,7060
291,1,User 2,5,0
292,0,User 1,5,7060
292,1,User 2,5,0
293,0,User 1,5,7045
293,1,User 2,5,0
294,0,User 1,5,7045
294,1,User 2,5,0
295,0,User 1,5,6985
295,1,User 2,5,0
296,0,User 1,5,6985
296,1,User 2,5,0
297,0,User 1,5,6970
297,1,User 2,5,0
298,0,User 1,5,6955
298,1,User 2,5,0
299,0,User 1,5,6910
299,1,User 2,5,0
300,0,User 1,5,6910
300,1,User 2,5,0
301,0,User 1,5,6895
301,1,User 2,5,0
302,0,User 1,5,6880
302,1,User 2,5,0
303,0,User 1,5,6835
303,1,User 2,5,0
304,0,User 1,5,6835
304,1,User 2,5,0
305,0,User 1,5,6820
305,1,User 2,5,0
306,0,User 1,5,6820
306,1,User 2,5,0
307,0,User 1,5,6760
307,1,User 2,5,0
308,0,User 1,5,6760
308,1,User 2,5,0
309,0,User 1,5,6745
309,1,User 2,5,0
310,0,User 1,5,6745
310,1,User 2,5,0
311,0,User 1,5,6685
311,1,User 2,5,0
312,0,User 1,5,6685
312,1,User 2,5,0
313,0,User 1,5,6670
313,1,User 2,5,0
314,0,User 1,5,6610
314,1,User 2,5,0
315,0,User 1,5,6610
315,1,User 2,5,0
316,0,User 1,5,6610
316,1,User 2,5,0
317,0,User 1,5,6595
317,1,User 2,5,0
318,0,User 1,5,6595
318,1,User 2,5,0
319,0,User 1,5,6535
319,1,User 2,5,0
320,0,User 1,5,6520
320,1,User 2,5,0
321,0,User 1,5,6520
321,1,User 2,5,0
322,0,User 1,5,6520
322,1,User 2,5,0
323,0,User 1,5,6460
323,1,User 2,5,0
324,0,User 1,5,6460
324,1,User 2,5,0
325,0,User 1,5,6445
325,1,User 2,5,0
326,0,User 1,5,6430
326,1,User 2,5,0
327,0,User 1,5,6385
327,1,User 2,5,0
328,0,User 1,5,6370
328,1,User 2,5,0
329,0,User 1,5,6370
329,1,User 2,5,0
330,0,User 1,5,6355
330,1,User 2,5,0
331,0,User 1,5,6310
331,1,User 2,5,0
332,0,User 1,5,6310
332,1,User 2,5,0
333,0,User 1,5,6295
333,1,User 2,5,0
334,0,User 1,5,6295
334,1,User 2,5,0
335,0,User 1,5,6235
335,1,User 2,5,0
336,0,User 1,5,6235
336,1,User 2,5,0
337,0,User 1,5,6220
337,1,User 2,5,0
338,0,User 1,5,6220
338,1,User 2,5,0
339,0,User 1,5,6160
339,1,User 2,5,0
340,0,User 1,5,6160
340,1,User 2,5,0
341,0,User 1,5,6145
341,1,User 2,5,0
342,0,User 1,5,6145
342,1,User 2,5,0
343,0,User 1,5,6085
343,1,User 2,5,0
344,0,User 1,5,6085
344,1,User 2,5,0
345,0,User 1,5,6070
345,1,User 2,0,0
346,0,User 1,5,6070
346,1,User 2,0,0
347,0,User 1,5,6010
347,1,User 2,0,0
348,0,User 1,5,6010
348,1,User 2,0,0
349,0,User 1,5,5995
349,1,User 2,0,0
350,0,User 1,5,5935
350,1,User 2,0,0
351,0,User 1,5,5935
351,1,User 2,0,0
352,0,User 1,5,5935
352,1,User 2,0,0
353,0,User 1,5,5920
353,1,User 2,0,0
354,0,User 1,5,5860
354,1,User 2,0,0
355,0,User 1,5,5860
355,1,User 2,0,0
356,0,User 1,5,5845
356,1,User 2,0,0
357,0,User 1,5,5845
357,1,User 2,0,0
358,0,User 1,5,5785
358,1,User 2,0,0
359,0,User 1,5,5785
359,1,User 2,0,0
360,0,User 1,5,5770
360,1,User 2,0,0
361,0,User 1,5,5725
361,1,User 2,0,0
362,0,User 1,5,5710
362,1,User 2,0,0
363,0,User 1,5,5710
363,1,User 2,0,0
364,0,User 1,5,5695
364,1,User 2,0,0
365,0,User 1,5,5650
365,1,User 2,0,0
366,0,User 1,5,5635
366,1,User 2,0,0
367,0,User 1,5,5635
367,1,User 2,0,0
368,0,User 1,5,5620
368,1,User 2,0,0
369,0,User 1,5,5590
369,1,User 2,0,0
370,0,User 1,5,5560
370,1,User 2,0,0
371,0,User 1,5,5560
371,1,User 2,0,0
372,0,User 1,5,5545
372,1,User 2,0,0
373,0,User 1,5,5515
373,1,User 2,0,0
374,0,User 1,5,5485
374,1,User 2,0,0
375,0,User 1,5,5485
375,1,User 2,0,0
376,0,User 1,5,5470
376,1,User 2,0,0
377,0,User 1,5,5440
377,1,User 2,0,0
378,0,User 1,5,5410
378,1,User 2,0,0
379,0,User 1,5,5410
379,1,User 2,0,0
380,0,User 1,5,5395
380,1,User 2,0,0
381,0,User 1,5,5365
381,1,User 2,0,0
382,0,User 1,5,5335
382,1,User 2,0,0
383,0,User 1,5,5335
383,1,User 2,0,0
384,0,User 1,5,5320
384,1,User 2,0,0
385,0,User 1,5,5290
385,1,User 2,0,0
386,0,User 1,5,5260
386,1,User 2,0,0
387,0,User 1,5,5260
387,1,User 2,0,0
388,0,User 1,5,5245
388,1,User 2,0,0
389,0,User 1,5,5215
389,1,User 2,0,0
390,0,User 1,5,5185
390,1,User 2,0,0
391,0,User 1,5,5185
391,1,User 2,0,0
392,0,User 1,5,5170
392,1,User 2,0,0
393,0,User 1,5,5140
393,1,User 2,0,0
394,0,User 1,5,5110
394,1,User 2,0,0
395,0,User 1,5,5110
395,1,User 2,0,0
396,0,User 1,5,5095
396,1,User 2,0,0
397,0,User 1,5,5065
397,1,User 2,0,0
398,0,User 1,5,5035
398,1,User 2,0,0
399,0,User 1,5,5035
399,1,User 2,0,0
400,0,User 1,5,5020
400,1,User 2,0,0
401,0,User 1,5,4990
401,1,User 2,0,0
402,0,User 1,5,4960
402,1,User 2,0,0
403,0,User 1,5,4960
403,1,User 2,0,0
404,0,User 1,5,4945
404,1,User 2,0,0
405,0,User 1,5,4915
405,1,User 2,0,0
406,0,User 1,5,4885
406,1,User 2,0,0
407,0,User 1,5,4885
407,1,User 2,0,0
408,0,User 1,5,4870
408,1,User 2,0,0
409,0,User 1,5,4840
409,1,User 2,0,0
410,0,User 1,5,4810
410,1,User 2,0,0
411,0,User 1,5,4810
411,1,User 2,0,0
412,0,User 1,5,4795
412,1,User 2,0,0
413,0,User 1,5,4765
413,1,User 2,0,0
414,0,User 1,5,4735
414,1,User 2,0,0
415,0,User 1,5,4735
415,1,User 2,0,0
416,0,User 1,5,4720
416,1,User 2,0,0
417,0,User 1,5,4720
417,1,User 2,0,0
418,0,User 1,5,4660
418,1,User 2,0,0
419,0,User 1,5,4660
419,1,User 2,0,0
420,0,User 1,5,4645
420,1,User 2,0,0
421,0,User 1,5,4645
421,1,User 2,0,0
422,0,User 1,5,4585
422,1,User 2,0,0
423,0,User 1,5,4585
423,1,User 2,0,0
424,0,User 1,5,4570
424,1,User 2,0,0
425,0,User 1,5,4570
425,1,User 2,0,0
426,0,User 1,5,4510
426,1,User 2,0,0
427,0,User 1,5,4510
427,1,User 2,0,0
428,0,User 1,5,4495
428,1,User 2,0,0
429,0,User 1,5,4495
429,1,User 2,0,0
430,0,User 1,5,4435
430,1,User 2,0,0
431,0,User 1,5,4435
431,1,User 2,0,0
432,0,User 1,5,4420
432,1,User 2,0,0
433,0,User 1,5,4420
433,1,User 2,0,0
434,0,User 1,5,4360
434,1,User 2,0,0
435,0,User 1,5,4360
435,1,User 2,0,0
436,0,User 1,5,4345
436,1,User 2,0,0
437,0,User 1,5,4345
437,1,User 2,0,0
438,0,User 1,5,4285
438,1,User 2,0,0
439,0,User 1,5,4285
439,1,User 2,0,0
440,0,User 1,5,4270
440,1,User 2,0,0
441,0,User 1,5,4255
441,1,User 2,0,0
442,0,User 1,5,4210
442,1,User 2,0,0
443,0,User 1,5,4210
443,1,User 2,0,0
444,0,User 1,5,4195
444,1,User 2,0,0
445,0,User 1,5,4180
445,1,User 2,0,0
446,0,User 1,5,4135
446,1,User 2,0,0
447,0,User 1,5,4135
447,1,User 2,0,0
448,0,User 1,5,4120
448,1,User 2,0,0
449,0,User 1,5,4105
449,1,User 2,0,0
450,0,User 1,5,4060
450,1,User 2,0,0
451,0,User 1,5,4060
451,1,User 2,0,0
452,0,User 1,5,4045
452,1,User 2,0,0
453,0,User 1,5,4045
453,1,User 2,0,0
454,0,User 1,5,3985
454,1,User 2,0,0
455,0,User 1,5,3985
455,1,User 2,0,0
456,0,User 1,5,3970
456,1,User 2,0,0
457,0,User 1,5,3970
457,1,User 2,0,0
458,0,User 1,5,3910
458,1,User 2,0,0
459,0,User 1,5,3910
459,1,User 2,0,0
460,0,User 1,5,3895
460,1,User 2,0,0
461,0,User 1,5,3895
461,1,User 2,0,0
462,0,User 1,5,3835
462,1,User 2,0,0
463,0,User 1,5,3835
463,1,User 2,0,0
464,0,User 1,5,3820
464,1,User 2,0,0
465,0,User 1,5,3820
465,1,User 2,0,0
466,0,User 1,5,3760
466,1,User 2,0,0
467,0,User 1,5,3760
467,1,User 2,0,0
468,0,User 1,5,3745
468,1,User 2,0,0
469,0,User 1,5,3745
469,1,User 2,0,0
470,0,User 1,5,3685
470,1,User 2,0,0
471,0,User 1,5,3685
471,1,User 2,0,0
472,0,User 1,5,3670
472,1,User 2,0,0
473,0,User 1,5,3670
473,1,User 2,0,0
474,0,User 1,5,3610
474,1,User 2,0,0
475,0,User 1,5,3610
475,1,User 2,0,0
476,0,User 1,5,3595
476,1,User 2,0,0
477,0,User 1,5,3595
477,1,User 2,0,0
478,0,User 1,5,3535
478,1,User 2,0,0
479,0,User 1,5,3535
479,1,User 2,0,0
480,0,User 1,5,3520
480,1,User 2,0,0
481,0,User 1,5,3520
481,1,User 2,0,0
482,0,User 1,5,3460
482,1,User 2,0,0
483,0,User 1,5,3460
483,1,User 2,0,0
484,0,User 1,5,3445
484,1,User 2,0,0
485,0,User 1,5,3445
485,1,User 2,0,0
486,0,User 1,5,3385
486,1,User 2,0,0
487,0,User 1,5,3385
487,1,User 2,0,0
488,0,User 1,5,3370
488,1,User 2,0,0
489,0,User 1,5,3340
489,1,User 2,0,0
490,0,User 1,5,3310
490,1,User 2,0,0
491,0,User 1,5,3310
491,1,User 2,0,0
492,0,User 1,5,3295
492,1,User 2,0,0
493,0,User 1,5,3250
493,1,User 2,0,0
494,0,User 1,5,3235
494,1,User 2,0,0
495,0,User 1,5,3235
495,1,User 2,0,0
496,0,User 1,5,3220
496,1,User 2,0,0
497,0,User 1,5,3190
497,1,User 2,0,0
498,0,User 1,5,3160
498,1,User 2,0,0
499,0,User 1,5,3160
499,1,User 2,0,0
500,0,User 1,5,3145
500,1,User 2,0,0
501,0,User 1,5,3115
501,1,User 2,0,0
502,0,User 1,5,3085
502,1,User 2,0,0
503,0,User 1,5,3085
503,1,User 2,0,0
504,0,User 1,5,3070
504,1,User 2,0,0
505,0,User 1,5,3025
505,1,User 2,0,0
506,0,User 1,5,3010
506,1,User 2,0,0
507,0,User 1,5,3010
507,1,User 2,0,0
508,0,User 1,5,2995
508,1,User 2,0,0
509,0,User 1,5,2950
509,1,User 2,0,0
510,0,User 1,5,2935
510,1,User 2,0,0
511,0,User 1,5,2935
511,1,User 2,0,0
512,0,User 1,5,2920
512,1,User 2,0,0
513,0,User 1,5,2875
513,1,User 2,0,0
514,0,User 1,5,2860
514,1,User 2,0,0
515,0,User 1,5,2860
515,1,User 2,0,0
516,0,User 1,5,2845
516,1,User 2,0,0
517,0,User 1,5,2800
517,1,User 2,0,0
518,0,User 1,5,2785
518,1,User 2,0,0
519,0,User 1,5,2785
519,1,User 2,0,0
520,0,User 1,5,2770
520,1,User 2,0,0
521,0,User 1,5,2725
521,1,User 2,0,0
522,0,User 1,5,2710
522,1,User 2,0,0
523,0,User 1,5,2710
523,1,User 2,0,0
524,0,User 1,5,2695
524,1,User 2,0,0
525,0,User 1,5,2650
525,1,User 2,0,0
526,0,User 1,5,2635
526,1,User 2,0,0
527,0,User 1,5,2635
527,1,User 2,0,0
528,0,User 1,5,2620
528,1,User 2,0,0
529,0,User 1,5,2575
529,1,User 2,0,0
530,0,User 1,5,2560
530,1,User 2,0,0
531,0,User 1,5,2560
531,1,User 2,0,0
532,0,User 1,5,2545
532,1,User 2,0,0
533,0,User 1,5,2500
533,1,User 2,0,0
534,0,User 1,5,2485
534,1,User 2,0,0
535,0,User 1,5,2485
535,1,User 2,0,0
536,0,User 1,5,2470
536,1,User 2,0,0
537,0,User 1,5,2425
537,1,User 2,0,0
538,0,User 1,5,2410
538,1,User 2,0,0
539,0,User 1,5,2410
539,1,User 2,0,0
540,0,User 1,5,2395
540,1,User 2,0,0
541,0,User 1,5,2350
541,1,User 2,0,0
542,0,User 1,5,2335
542,1,User 2,0,0
543,0,User 1,5,2335
543,1,User 2,0,0
544,0,User 1,5,2320
544,1,User 2,0,0
545,0,User 1,5,2305
545,1,User 2,0,0
546,0,User 1,5,2260
546,1,User 2,0,0
547,0,User 1,5,2260
547,1,User 2,0,0
548,0,User 1,5,2245
548,1,User 2,0,0
549,0,User 1,5,2245
549,1,User 2,0,0
550,0,User 1,10,2185
550,1,User 2,0,0
551,0,User 1,17,2185
551,1,User 2,0,0
552,0,User 1,23,2170
552,1,User 2,0,0
553,0,User 1,29,2110
553,1,User 2,0,0
554,0,User 1,31,1945
554,1,User 2,0,0
555,0,User 1,31,1855
555,1,User 2,0,0
556,0,User 1,31,1750
556,1,User 2,0,0
557,0,User 1,31,1645
557,1,User 2,0,0
558,0,User 1,31,1480
558,1,User 2,0,0
559,0,User 1,31,1390
559,1,User 2,0,0
560,0,User 1,31,1285
560,1,User 2,0,0
561,0,User 1,31,1180
561,1,User 2,0,0
562,0,User 1,31,1015
562,1,User 2,0,0
563,0,User 1,31,925
563,1,User 2,0,0
564,0,User 1,31,820
564,1,User 2,0,0
565,0,User 1,31,715
565,1,User 2,0,0
566,0,User 1,31,550
566,1,User 2,0,0
567,0,User 1,31,460
567,1,User 2,0,0
568,0,User 1,31,355
568,1,User 2,0,0
569,0,User 1,31,205
569,1,User 2,0,0
570,0,User 1,31,85
570,1,User 2,0,0
571,0,User 1,31,0
571,1,User 2,0,0
572,0,User 1,31,0
572,1,User 2,0,0
573,0,User 1,31,0
573,1,User 2,0,0
574,0,User 1,31,0
574,1,User 2,0,0
575,0,User 1,31,0
575,1,User 2,0,0
576,0,User 1,31,0
576,1,User 2,0,0
577,0,User 1,31,0
577,1,User 2,0,0
578,0,User 1,31,0
578,1,User 2,0,0
579,0,User 1,31,0
579,1,User 2,0,0
580,0,User 1,31,0
580,1,User 2,0,0
581,0,User 1,31,0
581,1,User 2,0,0
582,0,User 1,31,0
582,1,User 2,0,0
583,0,User 1,31,0
583,1,User 2,0,0
584,0,User 1,31,0
584,1,User 2,0,0
585,0,User 1,31,0
585,1,User 2,0,0
586,0,User 1,31,0
586,1,User 2,0,0
587,0,User 1,31,0
587,1,User 2,0,0
588,0,User 1,31,0
588,1,User 2,0,0
589,0,User 1,31,0
589,1,User 2,0,0
590,0,User 1,31,0
590,1,User 2,0,0
591,0,User 1,31,0
591,1,User 2,0,0
592,0,User 1,31,0
592,1,User 2,0,0
593,0,User 1,31,0
593,1,User 2,0,0
594,0,User 1,31,0
594,1,User 2,0,0
595,0,User 1,31,0
595,1,User 2,0,0
596,0,User 1,31,0
596,1,User 2,0,0
597,0,User 1,31,0
597,1,User 2,0,0
598,0,User 1,31,0
598,1,User 2,0,0
599,0,User 1,31,0
599,1,User 2,0,0
600,0,User 1,31,0
600,1,User 2,0,0
601,0,User 1,31,0
601,1,User 2,0,0
602,0,User 1,31,0
602,1,User 2,0,0
603,0,User 1,31,0
603,1,User 2,0,0
604,0,User 1,31,0
604,1,User 2,0,0
605,0,User 1,31,0
605,1,User 2,0,0
606,0,User 1,31,0
606,1,User 2,0,0
607,0,User 1,31,0
607,1,User 2,0,0
608,0,User 1,31,0
608,1,User 2,0,0
609,0,User 1,31,0
609,1,User 2,0,0
610,0,User 1,31,0
610,1,User 2,0,0
611,0,User 1,31,0
611,1,User 2,0,0
612,0,User 1,31,0
612,1,User 2,0,0
613,0,User 1,31,0
613,1,User 2,0,0
614,0,User 1,31,0
614,1,User 2,0,0
615,0,User 1,31,0
615,1,User 2,0,0
616,0,User 1,31,0
616,1,User 2,0,0
617,0,User 1,31,0
617,1,User 2,0,0
618,0,User 1,31,0
618,1,User 2,0,0
619,0,User 1,31,0
619,1,User 2,0,0
620,0,User 1,31,0
620,1,User 2,0,0
621,0,User 1,31,0
621,1,User 2,0,0
622,0,User 1,31,0
622,1,User 2,0,0
623,0,User 1,31,0
623,1,User 2,0,0
624,0,User 1,31,0
624,1,User 2,0,0
625,0,User 1,31,0
625,1,User 2,0,0
626,0,User 1,31,0
626,1,User 2,0,0
627,0,User 1,31,0
627,1,User 2,0,0
628,0,User 1,31,0
628,1,User 2,0,0
629,0,User 1,31,0
629,1,User 2,0,0
630,0,User 1,31,0
630,1,User 2,0,0
631,0,User 1,31,0
631,1,User 2,0,0
632,0,User 1,31,0
632,1,User 2,0,0
633,0,User 1,31,0
633,1,User 2,0,0
634,0,User 1,31,0
634,1,User 2,0,0
635,0,User 1,31,0
635,1,User 2,0,0
636,0,User 1,31,0
636,1,User 2,0,0
637,0,User 1,31,0
637,1,User 2,0,0
638,0,User 1,31,0
638,1,User 2,0,0
639,0,User 1,31,0
639,1,User 2,0,0
640,0,User 1,31,0
640,1,User 2,0,0
641,0,User 1,31,0
641,1,User 2,0,0
642,0,User 1,31,0
642,1,User 2,0,0
643,0,User 1,31,0
643,1,User 2,0,0
644,0,User 1,31,0
644,1,User 2,0,0
645,0,User 1,31,0
645,1,User 2,0,0
646,0,User 1,31,0
646,1,User 2,0,0
647,0,User 1,31,0
647,1,User 2,0,0
648,0,User 1,31,0
648,1,User 2,0,0
649,0,User 1,31,0
649,1,User 2,0,0
650,0,User 1,31,0
650,1,User 2,0,0
651,0,User 1,31,0
651,1,User 2,0,0
652,0,User 1,31,0
652,1,User 2,0,0
653,0,User 1,31,0
653,1,User 2,0,0
654,0,User 1,31,0
654,1,User 2,0,0
655,0,User 1,31,0
655,1,User 2,0,0
656,0,User 1,31,0
656,1,User 2,0,0
657,0,User 1,31,0
657,1,User 2,0,0
658,0,User 1,31,0
658,1,User 2,0,0
659,0,User 1,31,0
659,1,User 2,0,0
660,0,User 1,31,0
660,1,User 2,0,0
661,0,User 1,31,0
661,1,User 2,0,0
662,0,User 1,31,0
662,1,User 2,0,0
663,0,User 1,31,0
663,1,User 2,0,0
664,0,User 1,31,0
664,1,User 2,0,0
665,0,User 1,31,0
665,1,User 2,0,0
666,0,User 1,31,0
666,1,User 2,0,0
667,0,User 1,31,0
667,1,User 2,0,0
668,0,User 1,31,0
668,1,User 2,0,0
669,0,User 1,31,0
669,1,User 2,0,0
670,0,User 1,31,0
670,1,User 2,0,0
671,0,User 1,31,0
671,1,User 2,0,0
672,0,User 1,31,0
672,1,User 2,0,0
673,0,User 1,31,0
673,1,User 2,0,0
674,0,User 1,31,0
674,1,User 2,0,0
675,0,User 1,31,0
675,1,User 2,0,0
676,0,User 1,31,0
676,1,User 2,0,0
677,0,User 1,31,0
677,1,User 2,0,0
678,0,User 1,31,0
678,1,User 2,0,0
679,0,User 1,31,0
679,1,User 2,0,0
680,0,User 1,31,0
680,1,User 2,0,0
681,0,User 1,31,0
681,1,User 2,0,0
682,0,User 1,31,0
682,1,User 2,0,0
683,0,User 1,31,0
683,1,User 2,0,0
684,0,User 1,31,0
684,1,User 2,0,0
685,0,User 1,31,0
685,1,User 2,0,0
686,0,User 1,31,0
686,1,User 2,0,0
687,0,User 1,31,0
687,1,User 2,0,0
688,0,User 1,31,0
688,1,User 2,0,0
689,0,User 1,31,0
689,1,User 2,0,0
690,0,User 1,31,0
690,1,User 2,0,0
691,0,User 1,31,0
691,1,User 2,0,0
692,0,User 1,31,0
692,1,User 2,0,0
693,0,User 1,31,0
693,1,User 2,0,0
694,0,User 1,31,0
694,1,User 2,0,0
695,0,User 1,31,0
695,1,User 2,0,0
696,0,User 1,31,0
696,1,User 2,0,0
697,0,User 1,31,0
697,1,User 2,0,0
698,0,User 1,31,0
698,1,User 2,0,0
699,0,User 1,31,0
699,1,User 2,0,0
700,0,User 1,31,0
700,1,User 2,0,0
701,0,User 1,31,0
701,1,User 2,0,0
702,0,User 1,31,0
702,1,User 2,0,0
703,0,User 1,31,0
703,1,User 2,0,0
704,0,User 1,31,0
704,1,User 2,0,0
705,0,User 1,31,0
705,1,User 2,0,0
706,0,User 1,31,0
706,1,User 2,0,0
707,0,User 1,31,0
707,1,User 2,0,0
708,0,User 1,31,0
708,1,User 2,0,0
709,0,User 1,31,0
709,1,User 2,0,0
710,0,User 1,31,0
710,1,User 2,0,0
711,0,User 1,31,0
711,1,User 2,0,0
712,0,User 1,32,0
712,1,User 2,0,0
713,0,User 1,32,0
713,1,User 2,0,0
714,0,User 1,32,0
714,1,User 2,0,0
715,0,User 1,33,0
715,1,User 2,0,0
716,0,User 1,33,0
716,1,User 2,0,0
717,0,User 1,33,0
717,1,User 2,0,0
718,0,User 1,33,0
718,1,User 2,0,0
719,0,User 1,33,0
719,1,User 2,0,0
720,0,User 1,33,0
720,1,User 2,0,0
721,0,User 1,33,0
721,1,User 2,0,0
722,0,User 1,33,0
722,1,User 2,0,0
723,0,User 1,33,0
723,1,User 2,0,0
724,0,User 1,33,0
724,1,User 2,0,0
725,0,User 1,33,0
725,1,User 2,0,0
726,0,User 1,33,0
726,1,User 2,0,0
727,0,User 1,33,0
727,1,User 2,0,0
728,0,User 1,33,0
728,1,User 2,0,0
729,0,User 1,33,0
729,1,User 2,0,0
730,0,User 1,33,0
730,1,User 2,0,0
731,0,User 1,33,0
731,1,User 2,0,0
732,0,User 1,33,0
732,1,User 2,0,0
733,0,User 1,33,0
733,1,User 2,0,0
734,0,User 1,33,0
734,1,User 2,0,0
735,0,User 1,33,0
735,1,User 2,0,0
736,0,User 1,33,0
736,1,User 2,0,0
737,0,User 1,33,0
737,1,User 2,0,0
738,0,User 1,33,0
738,1,User 2,0,0
739,0,User 1,33,0
739,1,User 2,0,0
740,0,User 1,33,0
740,1,User 2,0,0
741,0,User 1,33,0
741,1,User 2,0,0
742,0,User 1,33,0
742,1,User 2,0,0
743,0,User 1,33,0
743,1,User 2,0,0
744,0,User 1,33,0
744,1,User 2,0,0
745,0,User 1,33,0
745,1,User 2,0,0
746,0,User 1,33,0
746,1,User 2,0,0
747,0,User 1,33,0
747,1,User 2,0,0
748,0,User 1,33,0
748,1,User 2,0,0
749,0,User 1,33,0
749,1,User 2,0,0
750,0,User 1,33,0
750,1,User 2,0,0
751,0,User 1,33,0
751,1,User 2,0,0
752,0,User 1,33,0
752,1,User 2,0,0
753,0,User 1,33,0
753,1,User 2,0,0
754,0,User 1,33,0
754,1,User 2,0,0
755,0,User 1,33,0
755,1,User 2,0,0
756,0,User 1,33,0
756,1,User 2,0,0
757,0,User 1,33,0
757,1,User 2,0,0
758,0,User 1,33,0
758,1,User 2,0,0
759,0,User 1,33,0
759,1,User 2,0,0
760,0,User 1,33,0
760,1,User 2,0,0
761,0,User 1,33,0
761,1,User 2,0,0
762,0,User 1,33,0
762,1,User 2,0,0
763,0,User 1,33,0
763,1,User 2,0,0
764,0,User 1,33,0
764,1,User 2,0,0
765,0,User 1,33,0
765,1,User 2,0,0
766,0,User 1,33,0
766,1,User 2,0,0
767,0,User 1,33,0
767,1,User 2,0,0
768,0,User 1,33,0
768,1,User 2,0,0
769,0,User 1,33,0
769,1,User 2,0,0
770,0,User 1,33,0
770,1,User 2,0,0
771,0,User 1,33,0
771,1,User 2,0,0
772,0,User 1,33,0
772,1,User 2,0,0
773,0,User 1,33,0
773,1,User 2,0,0
774,0,User 1,33,0
774,1,User 2,0,0
775,0,User 1,33,0
775,1,User 2,0,0
776,0,User 1,33,0
776,1,User 2,0,0
777,0,User 1,33,0
777,1,User 2,0,0
778,0,User 1,33,0
778,1,User 2,0,0
779,0,User 1,33,0
779,1,User 2,0,0
780,0,User 1,33,0
780,1,User 2,0,0
781,0,User 1,33,0
781,1,User 2,0,0
782,0,User 1,33,0
782,1,User 2,0,0
783,0,User 1,33,0
783,1,User 2,0,0
784,0,User 1,33,0
784,1,User 2,0,0
785,0,User 1,33,0
785,1,User 2,0,0
786,0,User 1,33,0
786,1,User 2,0,0
787,0,User 1,33,0
787,1,User 2,0,0
788,0,User 1,33,0
788,1,User 2,0,0
789,0,User 1,33,0
789,1,User 2,0,0
790,0,User 1,33,0
790,1,User 2,0,0
791,0,User 1,33,0
791,1,User 2,0,0
792,0,User 1,33,0
792,1,User 2,0,0
793,0,User 1,33,0
793,1,User 2,0,0
794,0,User 1,33,0
794,1,User 2,0,0
795,0,User 1,33,0
795,1,User 2,0,0
796,0,User 1,33,0
796,1,User 2,0,0
797,0,User 1,33,0
797,1,User 2,0,0
798,0,User 1,33,0
798,1,User 2,0,0
799,0,User 1,33,0
799,1,User 2,0,0
800,0,User 1,33,0
800,1,User 2,0,0
801,0,User 1,33,0
801,1,User 2,0,0
802,0,User 1,33,0
802,1,User 2,0,0
803,0,User 1,33,0
803,1,User 2,0,0
804,0,User 1,33,0
804,1,User 2,0,0
805,0,User 1,33,0
805,1,User 2,0,0
806,0,User 1,33,0
806,1,User 2,0,0
807,0,User 1,33,0
807,1,User 2,0,0
808,0,User 1,33,0
808,1,User 2,0,0
809,0,User 1,33,0
809,1,User 2,0,0
810,0,User 1,33,0
810,1,User 2,0,0
811,0,User 1,33,0
811,1,User 2,0,0
812,0,User 1,33,0
812,1,User 2,0,0
813,0,User 1,33,0
813,1,User 2,0,0
814,0,User 1,33,0
814,1,User 2,0,0
815,0,User 1,33,0
815,1,User 2,0,0
816,0,User 1,33,0
816,1,User 2,0,0
817,0,User 1,33,0
817,1,User 2,0,0
818,0,User 1,33,0
818,1,User 2,0,0
819,0,User 1,33,0
819,1,User 2,0,0
820,0,User 1,33,0
820,1,User 2,0,0
821,0,User 1,33,0
821,1,User 2,0,0
822,0,User 1,33,0
822,1,User 2,0,0
823,0,User 1,33,0
823,1,User 2,0,0
824,0,User 1,33,0
824,1,User 2,0,0
825,0,User 1,33,0
825,1,User 2,0,0
826,0,User 1,33,0
826,1,User 2,0,0
827,0,User 1,33,0
827,1,User 2,0,0
828,0,User 1,33,0
828,1,User 2,0,0
829,0,User 1,33,0
829,1,User 2,0,0
830,0,User 1,33,0
830,1,User 2,0,0
831,0,User 1,33,0
831,1,User 2,0,0
832,0,User 1,33,0
832,1,User 2,0,0
833,0,User 1,33,0
833,1,User 2,0,0
834,0,User 1,33,0
834,1,User 2,0,0
835,0,User 1,33,0
835,1,User 2,0,0
836,0,User 1,33,0
836,1,User 2,0,0
837,0,User 1,33,0
837,1,User 2,0,0
838,0,User 1,33,0
838,1,User 2,0,0
839,0,User 1,33,0
839,1,User 2,0,0
840,0,User 1,33,0
840,1,User 2,0,0
841,0,User 1,33,0
841,1,User 2,0,0
842,0,User 1,33,0
842,1,User 2,0,0
843,0,User 1,33,0
843,1,User 2,0,0
844,0,User 1,33,0
844,1,User 2,0,0
845,0,User 1,33,0
845,1,User 2,0,0
846,0,User 1,33,0
846,1,User 2,0,0
847,0,User 1,33,0
847,1,User 2,0,0
848,0,User 1,33,0
848,1,User 2,0,0
849,0,User 1,33,0
849,1,User 2,0,0
850,0,User 1,33,0
850,1,User 2,0,0
851,0,User 1,33,0
851,1,User 2,0,0
852,0,User 1,33,0
852,1,User 2,0,0
853,0,User 1,33,0
853,1,User 2,0,0
854,0,User 1,33,0
854,1,User 2,0,0
855,0,User 1,33,0
855,1,User 2,0,0
856,0,User 1,33,0
856,1,User 2,0,0
857,0,User 1,33,0
857,1,User 2,0,0
858,0,User 1,33,0
858,1,User 2,0,0
859,0,User 1,33,0
859,1,User 2,0,0
860,0,User 1,33,0
860,1,User 2,0,0
861,0,User 1,33,0
861,1,User 2,0,0
862,0,User 1,33,0
862,1,User 2,0,0
863,0,User 1,33,0
863,1,User 2,0,0
864,0,User 1,33,0
864,1,User 2,0,0
865,0,User 1,33,0
865,1,User 2,0,0
866,0,User 1,33,0
866,1,User 2,0,0
867,0,User 1,33,0
867,1,User 2,0,0
868,0,User 1,33,0
868,1,User 2,0,0
869,0,User 1,33,0
869,1,User 2,0,0
870,0,User 1,33,0
870,1,User 2,0,0
871,0,User 1,33,0
871,1,User 2,0,0
872,0,User 1,33,0
872,1,User 2,0,0
873,0,User 1,33,0
873,1,User 2,0,0
874,0,User 1,33,0
874,1,User 2,0,0
875,0,User 1,33,0
875,1,User 2,0,0
876,0,User 1,33,0
876,1,User 2,0,0
877,0,User 1,33,0
877,1,User 2,0,0
878,0,User 1,33,0
878,1,User 2,0,0
879,0,User 1,33,0
879,1,User 2,0,0
880,0,User 1,33,0
880,1,User 2,0,0
881,0,User 1,33,0
881,1,User 2,0,0
882,0,User 1,33,0
882,1,User 2,0,0
883,0,User 1,33,0
883,1,User 2,0,0
884,0,User 1,33,0
884,1,User 2,0,0
885,0,User 1,33,0
885,1,User 2,0,0
886,0,User 1,33,0
886,1,User 2,0,0
887,0,User 1,33,0
887,1,User 2,0,0
888,0,User 1,33,0
888,1,User 2,0,0
889,0,User 1,33,0
889,1,User 2,0,0
890,0,User 1,33,0
890,1,User 2,0,0
891,0,User 1,33,0
891,1,User 2,0,0
892,0,User 1,33,0
892,1,User 2,0,0
893,0,User 1,33,0
893,1,User 2,0,0
894,0,User 1,33,0
894,1,User 2,0,0
895,0,User 1,33,0
895,1,User 2,0,0
896,0,User 1,33,0
896,1,User 2,0,0
897,0,User 1,33,0
897,1,User 2,0,0
898,0,User 1,33,0
898,1,User 2,0,0
899,0,User 1,33,0
899,1,User 2,0,0
900,0,User 1,33,0
900,1,User 2,0,0
901,0,User 1,33,0
901,1,User 2,0,0
902,0,User 1,33,0
902,1,User 2,0,0
903,0,User 1,33,0
903,1,User 2,0,0
904,0,User 1,33,0
904,1,User 2,0,0
905,0,User 1,33,0
905,1,User 2,0,0
906,0,User 1,33,0
906,1,User 2,0,0
907,0,User 1,33,0
907,1,User 2,0,0
908,0,User 1,33,0
908,1,User 2,0,0
909,0,User 1,33,0
909,1,User 2,0,0
910,0,User 1,33,0
910,1,User 2,0,0
911,0,User 1,33,0
911,1,User 2,0,0
912,0,User 1,33,0
912,1,User 2,0,0
913,0,User 1,33,0
913,1,User 2,0,0
914,0,User 1,33,0
914,1,User 2,0,0
915,0,User 1,33,0
915,1,User 2,0,0
916,0,User 1,33,0
916,1,User 2,0,0
917,0,User 1,33,0
917,1,User 2,0,0
918,0,User 1,33,0
918,1,User 2,0,0
919,0,User 1,33,0
919,1,User 2,0,0
920,0,User 1,33,0
920,1,User 2,0,0
921,0,User 1,33,0
921,1,User 2,0,0
922,0,User 1,33,0
922,1,User 2,0,0
923,0,User 1,33,0
923,1,User 2,0,0
924,0,User 1,33,0
924,1,User 2,0,0
925,0,User 1,33,0
925,1,User 2,0,0
926,0,User 1,33,0
926,1,User 2,0,0
927,0,User 1,33,0
927,1,User 2,0,0
928,0,User 1,33,0
928,1,User 2,0,0
929,0,User 1,33,0
929,1,User 2,0,0
930,0,User 1,33,443
930,1,User 2,0,0
931,0,User 1,33,886
931,1,User 2,0,0
932,0,User 1,33,1329
932,1,User 2,0,0
933,0,User 1,33,1772
933,1,User 2,0,0
934,0,User 1,33,2215
934,1,User 2,0,0
935,0,User 1,33,2658
935,1,User 2,0,0
936,0,User 1,33,3101
936,1,User 2,0,0
937,0,User 1,33,3544
937,1,User 2,0,0
938,0,User 1,33,3987
938,1,User 2,0,0
939,0,User 1,33,4430
939,1,User 2,0,0
940,0,User 1,33,4873
940,1,User 2,0,0
941,0,User 1,33,5316
941,1,User 2,0,0
942,0,User 1,33,5759
942,1,User 2,0,0
943,0,User 1,33,6202
943,1,User 2,0,0
944,0,User 1,33,6645
944,1,User 2,0,0
945,0,User 1,33,7088
945,1,User 2,0,0
946,0,User 1,33,7531
946,1,User 2,0,0
947,0,User 1,33,7974
947,1,User 2,0,0
948,0,User 1,33,8417
948,1,User 2,0,0
949,0,User 1,33,8860
949,1,User 2,0,0
950,0,User 1,33,9303
950,1,User 2,0,0
951,0,User 1,33,9746
951,1,User 2,0,0
952,0,User 1,33,10189
952,1,User 2,0,0
953,0,User 1,33,10632
953,1,User 2,0,0
954,0,User 1,33,11075
954,1,User 2,0,0
955,0,User 1,33,11518
955,1,User 2,0,0
956,0,User 1,33,11961
956,1,User 2,0,0
957,0,User 1,33,12404
957,1,User 2,0,0
958,0,User 1,33,12847
958,1,User 2,0,0
959,0,User 1,33,13281
959,1,User 2,0,0
960,0,User 1,33,13715
960,1,User 2,0,0
961,0,User 1,33,14149
961,1,User 2,0,0
962,0,User 1,33,14583
962,1,User 2,0,0
963,0,User 1,33,15017
963,1,User 2,0,0
964,0,User 1,33,15451
964,1,User 2,0,0
965,0,User 1,33,15885
965,1,User 2,0,0
966,0,User 1,33,16319
966,1,User 2,0,0
967,0,User 1,33,16753
967,1,User 2,0,0
968,0,User 1,33,17187
968,1,User 2,0,0
969,0,User 1,33,17621
969,1,User 2,0,0
970,0,User 1,33,18055
970,1,User 2,0,0
971,0,User 1,33,18489
971,1,User 2,0,0
972,0,User 1,33,18923
972,1,User 2,0,0
973,0,User 1,33,19357
973,1,User 2,0,0
974,0,User 1,33,19791
974,1,User 2,0,0
975,0,User 1,33,20225
975,1,User 2,0,0
976,0,User 1,33,20659
976,1,User 2,0,0
977,0,User 1,33,21093
977,1,User 2,0,0
978,0,User 1,33,21527
978,1,User 2,0,0
979,0,User 1,33,21961
979,1,User 2,0,0
980,0,User 1,33,22395
980,1,User 2,0,0
981,0,User 1,33,22829
981,1,User 2,0,0
982,0,User 1,33,23263
982,1,User 2,0,0
983,0,User 1,33,23697
983,1,User 2,0,0
984,0,User 1,33,24131
984,1,User 2,0,0
985,0,User 1,33,24565
985,1,User 2,0,0
986,0,User 1,33,24999
986,1,User 2,0,0
987,0,User 1,33,25433
987,1,User 2,0,0
988,0,User 1,33,25867
988,1,User 2,0,0
989,0,User 1,33,26301
989,1,User 2,0,0
990,0,User 1,33,26735
990,1,User 2,0,0
991,0,User 1,33,27169
991,1,User 2,0,0
992,0,User 1,33,27603
992,1,User 2,0,0
993,0,User 1,33,28037
993,1,User 2,0,0
994,0,User 1,33,28471
994,1,User 2,0,0
995,0,User 1,33,28905
995,1,User 2,0,0
996,0,User 1,33,29339
996,1,User 2,0,0
997,0,User 1,33,29773
997,1,User 2,0,0
998,0,User 1,33,30207
998,1,User 2,0,0
999,0,User 1,33,30641
999,1,User 2,0,0
1000,0,User 1,33,31075
1000,1,User 2,0,0
1001,0,User 1,33,31509
1001,1,User 2,0,0
1002,0,User 1,33,31943
1002,1,User 2,0,0
1003,0,User 1,33,32377
1003,1,User 2,0,0
1004,0,User 1,33,32377
1004,1,User 2,0,0
1005,0,User 1,33,32377
1005,1,User 2,0,0
1006,0,User 1,33,32377
1006,1,User 2,0,0
1007,0,User 1,33,32377
1007,1,User 2,0,0
1008,0,User 1,33,32377
1008,1,User 2,0,0
1009,0,User 1,33,32377
1009,1,User 2,0,0
1010,0,User 1,33,32377
1010,1,User 2,0,0
1011,0,User 1,33,32377
1011,1,User 2,0,0
